              0              0
              1        0.22237
              2        0.29279
              3         0.2744
              4        0.22554
              5        0.22424
              6        0.22227
              7        0.21525
              8        0.23176
              9        0.21727
             10        0.22253
             11        0.21917
             12        0.22111
             13        0.26859
             14        0.24916
             15        0.25842
             16        0.28999
             17        0.35131
             18        0.39193
             19        0.37968
             20        0.40902
             21        0.45177
             22        0.42773
             23         0.4796
             24         0.4255
             25        0.36292
             26        0.40863
             27        0.34843
             28          0.421
             29        0.41749
             30        0.36395
             31        0.32909
             32        0.33746
             33         0.2975
             34        0.29268
             35           0.25
             36        0.22569
             37        0.21214
             38        0.21129
             39        0.21206
             40        0.21033
             41        0.23335
             42        0.22505
             43        0.20994
             44        0.22041
             45         0.2189
             46         0.2303
             47        0.29481
             48        0.29764
             49        0.31355
             50        0.29948
             51        0.37018
             52        0.31184
             53        0.28942
             54        0.25068
             55        0.25068
             56        0.21802
             57        0.21297
             58        0.21297
             59         0.2321
             60         0.2321
             61        0.21944
             62        0.25081
             63        0.21117
             64        0.22047
             65        0.23665
             66        0.21051
             67          0.211
             68        0.22777
             69        0.21353
             70        0.20917
             71        0.21525
             72        0.20941
             73        0.20917
             74        0.21163
             75         0.2083
             76         0.2083
             77        0.22977
             78         0.2156
             79         0.2156
             80         0.2156
             81        0.21936
             82        0.21796
             83        0.24527
             84        0.21168
             85        0.25607
             86        0.21638
             87        0.21638
             88        0.22681
             89        0.23266
             90        0.23266
             91        0.22816
             92          0.211
             93        0.20845
             94        0.20992
             95        0.20992
             96        0.23228
             97        0.21891
             98        0.21891
             99        0.21516
            100        0.21594
            101        0.21594
            102        0.21594
            103        0.22722
            104        0.21428
            105        0.21428
            106        0.21428
            107        0.21428
            108        0.21428
            109        0.21428
            110        0.21428
            111        0.21464
            112        0.21464
            113        0.21464
            114        0.21501
            115        0.21666
            116        0.21666
            117        0.21666
            118         0.2141
            119        0.21295
            120         0.2199
            121         0.2199
            122         0.2199
            123         0.2166
            124         0.2145
            125         0.2145
            126         0.2145
            127         0.2145
            128         0.2145
            129         0.2145
            130        0.21597
            131        0.21597
            132        0.21597
            133        0.21597
            134        0.22016
            135        0.21475
            136        0.21509
            137        0.21955
            138        0.21955
            139        0.21681
            140        0.21681
            141        0.21681
            142        0.21681
            143        0.22087
            144        0.21994
            145        0.21994
            146        0.21726
            147        0.21812
            148        0.21808
            149        0.21808
            150        0.21808
            151        0.21733
            152        0.21733
            153        0.22502
            154        0.22502
            155        0.22418
            156        0.22143
            157        0.22143
            158        0.22143
            159        0.22588
            160         0.2226
            161         0.2226
            162         0.2192
            163        0.21903
            164        0.24619
            165        0.21774
            166        0.21774
            167        0.21774
            168        0.21774
            169        0.21774
            170        0.21774
            171        0.21774
            172        0.21774
            173        0.21774
            174        0.21774
            175        0.22548
            176        0.22051
            177        0.22051
            178        0.22024
            179        0.22024
            180        0.22024
            181        0.22024
            182        0.22141
            183        0.21475
            184        0.21475
            185        0.21475
            186        0.21475
            187        0.21475
            188        0.21475
            189        0.21303
            190        0.21303
            191        0.21303
            192        0.21324
            193        0.21324
            194        0.21324
            195        0.21324
            196        0.21324
            197        0.21324
            198        0.21848
            199        0.21848
            200        0.21848
            201        0.21235
            202        0.20873
            203        0.20873
            204        0.20873
            205        0.20822
            206        0.20822
            207        0.21106
            208        0.21024
            209        0.21202
            210        0.21226
            211        0.21226
            212        0.21087
            213        0.21087
            214        0.20603
            215        0.20775
            216        0.20775
            217        0.20775
            218        0.20775
            219         0.2162
            220         0.2162
            221         0.2137
            222         0.2137
            223        0.21481
            224        0.21481
            225        0.21481
            226        0.20817
            227        0.20817
            228        0.20817
            229        0.20817
            230        0.20817
            231        0.20817
            232        0.20994
            233        0.20994
            234        0.21292
            235        0.21292
            236        0.21292
            237        0.20788
            238        0.20788
            239        0.20788
            240        0.20788
            241        0.20788
            242        0.20914
            243        0.20914
            244        0.20914
            245        0.20914
            246        0.20826
            247        0.21173
            248        0.21173
            249        0.21394
            250        0.21394
            251        0.20625
            252        0.20744
            253        0.21394
            254        0.23871
            255        0.21111
            256        0.21111
            257        0.21535
            258         0.2095
            259         0.2095
            260         0.2095
            261        0.22164
            262        0.22955
            263        0.22955
            264        0.22417
            265        0.21839
            266        0.21839
            267        0.21125
            268        0.21115
            269         0.2109
            270         0.2109
            271         0.2109
            272         0.2109
            273         0.2109
            274        0.21629
            275        0.21629
            276        0.21629
            277        0.20892
            278        0.20892
            279        0.20718
            280        0.20718
            281        0.20718
            282        0.20718
            283        0.20718
            284        0.20718
            285        0.20748
            286        0.20581
            287        0.20457
            288        0.20457
            289        0.20343
            290        0.20248
            291        0.20187
            292        0.20187
            293        0.20187
            294        0.20187
            295        0.20187
            296        0.20122
            297        0.20024
            298        0.20024
            299        0.20024
            300        0.20024
            301        0.20024
            302        0.20866
            303        0.20017
            304        0.20106
            305        0.20106
            306        0.20106
            307        0.20799
            308        0.20799
            309        0.19935
            310        0.19882
            311        0.19882
            312        0.19882
            313        0.19882
            314        0.19918
            315        0.20355
            316        0.20208
            317         0.2018
            318         0.2018
            319         0.2018
            320         0.2018
            321        0.20446
            322        0.20446
            323        0.20656
            324        0.20656
            325        0.20656
            326        0.20689
            327        0.20656
            328        0.20656
            329        0.20656
            330        0.20656
            331        0.20714
            332        0.22518
            333        0.22518
            334           0.22
            335           0.22
            336           0.22
            337        0.21619
            338        0.21619
            339        0.21192
            340        0.21192
            341        0.21081
            342        0.21081
            343        0.20462
            344        0.20462
            345        0.20659
            346        0.20659
            347        0.21801
            348        0.21156
            349        0.21156
            350        0.21156
            351          0.211
            352          0.211
            353          0.211
            354          0.211
            355        0.21947
            356        0.21947
            357        0.21947
            358        0.21187
            359        0.21187
            360        0.20936
            361        0.20936
            362        0.20936
            363        0.20936
            364        0.20936
            365        0.20936
            366        0.20989
            367        0.21658
            368        0.21645
            369        0.22055
            370        0.20861
            371        0.20823
            372        0.20823
            373        0.20823
            374        0.21541
            375        0.20767
            376        0.20989
            377        0.20754
            378        0.20754
            379        0.20754
            380        0.20754
            381        0.20754
            382        0.20754
            383        0.21013
            384        0.21866
            385        0.21169
            386        0.21169
            387        0.20359
            388        0.20359
            389        0.20359
            390        0.20359
            391        0.20211
            392        0.20211
            393        0.20211
            394        0.20211
            395        0.20599
            396        0.20599
            397        0.20599
            398        0.20819
            399         0.2044
            400         0.2044
            401         0.2044
            402         0.2044
            403         0.2044
            404        0.20527
            405        0.20527
            406         0.2035
            407         0.2035
            408        0.20477
            409        0.20477
            410        0.21941
            411        0.21941
            412        0.21941
            413        0.21555
            414        0.20567
            415        0.20567
            416        0.20764
            417        0.20193
            418        0.20051
            419        0.20051
            420        0.21711
            421        0.20428
            422        0.20893
            423        0.20341
            424        0.20443
            425        0.20443
            426        0.23175
            427        0.20191
            428        0.20092
            429        0.20092
            430        0.20195
            431        0.20396
            432        0.20396
            433        0.20396
            434        0.20176
            435        0.20176
            436        0.20176
            437        0.20611
            438        0.20611
            439        0.20611
            440         0.2043
            441         0.2043
            442        0.20557
            443        0.20557
            444        0.20349
            445        0.20349
            446        0.20097
            447        0.20097
            448        0.20097
            449        0.20097
            450         0.2021
            451        0.20294
            452        0.20294
            453        0.20294
            454        0.20332
            455        0.20332
            456        0.20332
            457        0.20486
            458        0.20486
            459        0.20378
            460        0.20362
            461        0.20362
            462        0.20362
            463        0.20362
            464        0.20543
            465        0.20543
            466        0.20852
            467        0.20332
            468        0.19988
            469        0.19988
            470        0.19988
            471        0.19988
            472        0.19988
            473        0.19988
            474        0.19988
            475        0.19988
            476        0.19988
            477        0.19988
            478        0.20014
            479        0.19732
            480        0.19732
            481        0.19732
            482        0.19732
            483        0.19841
            484        0.19487
            485        0.19487
            486        0.19478
            487        0.19478
            488        0.19478
            489        0.19478
            490        0.19478
            491        0.19478
            492        0.19478
            493        0.19478
            494        0.19478
            495        0.19529
            496        0.19529
            497        0.19529
            498        0.19529
            499        0.19337
            500        0.19337
            501        0.19337
            502        0.19337
            503        0.19337
            504        0.19337
            505        0.19337
            506        0.19337
            507        0.19337
            508        0.19337
            509        0.19337
            510        0.19429
            511        0.19429
            512        0.20184
            513        0.19648
            514        0.19409
            515        0.19877
            516        0.19096
            517        0.19096
            518        0.19096
            519        0.19096
            520        0.19096
            521        0.19096
            522        0.19403
            523        0.19364
            524        0.19364
            525        0.19364
            526        0.19364
            527        0.19419
            528        0.19419
            529        0.19419
            530        0.19419
            531        0.19419
            532        0.19419
            533        0.19419
            534        0.19419
            535        0.19419
            536        0.19419
            537        0.19419
            538        0.20953
            539        0.20953
            540        0.20109
            541        0.20543
            542        0.20543
            543         0.2107
            544        0.19562
            545        0.19577
            546        0.20173
            547        0.19864
            548        0.19864
            549        0.19864
            550        0.19475
            551        0.19475
            552         0.1964
            553         0.1964
            554         0.1964
            555         0.1964
            556        0.19158
            557        0.19158
            558        0.19209
            559        0.19209
            560        0.19209
            561        0.19482
            562        0.19482
            563        0.19482
            564        0.18838
            565        0.19129
            566        0.19129
            567        0.19092
            568        0.19092
            569        0.19092
            570        0.19726
            571        0.19562
            572        0.19562
            573        0.18832
            574         0.1892
            575         0.1892
            576         0.1892
            577         0.1892
            578         0.2039
            579        0.18766
            580        0.20291
            581        0.20291
            582        0.18382
            583        0.18382
            584        0.18382
            585        0.18735
            586        0.18565
            587        0.18565
            588        0.18565
            589         0.1875
            590         0.1875
            591        0.18515
            592        0.18853
            593        0.18853
            594        0.18853
            595        0.18853
            596        0.18853
            597        0.18556
            598        0.18896
            599        0.18671
            600        0.18671
            601        0.18671
            602        0.18985
            603        0.19885
            604        0.21336
            605        0.20565
            606        0.20565
            607        0.19095
            608        0.19095
            609        0.19095
            610        0.19095
            611        0.19095
            612        0.19095
            613        0.19095
            614        0.19338
            615        0.20945
            616        0.19513
            617        0.19513
            618        0.19513
            619        0.19154
            620        0.19154
            621         0.1889
            622         0.1889
            623          0.186
            624          0.186
            625          0.186
            626          0.186
            627        0.19171
            628        0.19794
            629        0.18223
            630        0.18251
            631        0.18118
            632        0.17881
            633        0.17881
            634        0.17881
            635        0.17881
            636        0.17881
            637        0.17881
            638        0.17748
            639        0.18485
            640        0.18059
            641        0.18577
            642        0.18091
            643        0.18036
            644        0.18114
            645         0.1794
            646         0.1794
            647         0.1808
            648         0.1808
            649        0.18196
            650        0.18196
            651        0.19577
            652        0.19577
            653        0.19577
            654        0.18615
            655        0.18725
            656        0.18725
            657        0.18339
            658        0.18248
            659        0.18233
            660        0.18233
            661        0.18023
            662        0.18023
            663        0.17941
            664        0.18292
            665        0.17572
            666        0.17662
            667        0.17652
            668        0.17652
            669        0.17652
            670        0.17907
            671        0.17907
            672         0.1884
            673        0.17976
            674        0.17976
            675        0.17869
            676        0.17869
            677        0.17868
            678        0.18878
            679        0.17877
            680        0.17877
            681        0.17877
            682        0.17877
            683        0.18013
            684        0.18013
            685        0.17634
            686        0.17634
            687        0.17634
            688        0.17406
            689        0.17406
            690        0.17406
            691        0.17406
            692        0.17406
            693        0.17406
            694        0.17179
            695        0.17179
            696        0.17179
            697        0.17391
            698        0.17391
            699        0.16853
            700         0.1837
            701         0.1837
            702        0.17784
            703        0.18148
            704        0.16608
            705        0.16608
            706         0.1662
            707        0.16748
            708        0.16748
            709        0.18481
            710        0.18481
            711        0.18265
            712        0.17092
            713        0.17092
            714        0.17451
            715        0.16858
            716        0.16858
            717        0.16858
            718        0.18257
            719         0.1659
            720        0.16617
            721        0.17164
            722        0.16566
            723        0.16745
            724        0.16745
            725        0.16745
            726        0.16745
            727        0.16745
            728        0.16737
            729        0.16737
            730        0.16737
            731        0.16737
            732        0.16616
            733        0.16616
            734        0.16764
            735         0.1698
            736         0.1698
            737        0.16693
            738        0.16727
            739        0.16952
            740        0.16687
            741        0.16687
            742        0.17215
            743        0.16587
            744        0.16587
            745        0.17504
            746        0.16532
            747        0.18017
            748        0.17553
            749        0.16762
            750        0.16824
            751        0.16704
            752        0.16704
            753        0.16704
            754        0.16746
            755        0.16746
            756        0.17102
            757        0.17102
            758        0.17102
            759        0.16532
            760        0.16532
            761        0.16562
            762        0.17458
            763         0.1646
            764        0.17038
            765        0.17038
            766        0.16695
            767        0.16695
            768        0.17075
            769        0.17075
            770        0.16883
            771        0.16667
            772        0.16667
            773        0.16667
            774         0.1665
            775         0.1665
            776         0.1665
            777         0.1665
            778         0.1665
            779        0.16548
            780        0.16548
            781        0.16719
            782        0.16805
            783        0.16527
            784        0.16527
            785        0.16527
            786        0.17188
            787        0.16771
            788        0.16771
            789        0.16615
            790        0.16615
            791         0.1654
            792         0.1654
            793        0.16907
            794        0.16392
            795        0.16392
            796        0.16392
            797        0.16392
            798        0.16348
            799        0.16348
            800         0.1677
            801        0.16838
            802        0.16838
            803        0.16547
            804        0.16547
            805        0.16547
            806        0.16482
            807        0.16482
            808        0.16714
            809        0.16714
            810        0.16473
            811        0.16473
            812        0.16473
            813        0.16444
            814        0.16306
            815        0.16306
            816         0.1648
            817         0.1648
            818          0.168
            819        0.16379
            820        0.16449
            821        0.16449
            822        0.16449
            823        0.16449
            824        0.16449
            825        0.16449
            826        0.16449
            827        0.16338
            828        0.16338
            829        0.16338
            830        0.16531
            831        0.16531
            832        0.16531
            833        0.16531
            834        0.16343
            835        0.16343
            836        0.16399
            837        0.16324
            838        0.16324
            839        0.16387
            840        0.17213
            841        0.16839
            842        0.16211
            843         0.1615
            844         0.1613
            845         0.1613
            846        0.16164
            847        0.16164
            848        0.16164
            849        0.16164
            850        0.16506
            851        0.16548
            852         0.1629
            853         0.1629
            854        0.16177
            855        0.16278
            856        0.16051
            857        0.16003
            858        0.16003
            859        0.16067
            860        0.15977
            861        0.15977
            862        0.15977
            863        0.15977
            864        0.15977
            865        0.15977
            866        0.15977
            867        0.15977
            868        0.15977
            869        0.15977
            870        0.15977
            871        0.15995
            872        0.15943
            873        0.15943
            874         0.1596
            875         0.1596
            876         0.1596
            877        0.15971
            878        0.15971
            879         0.1605
            880        0.15935
            881        0.15935
            882        0.15935
            883        0.15949
            884        0.15949
            885        0.16552
            886        0.16552
            887        0.16552
            888        0.16533
            889        0.16533
            890        0.15972
            891        0.15972
            892        0.15911
            893        0.16235
            894        0.16235
            895        0.16235
            896        0.16111
            897        0.16111
            898        0.15968
            899         0.1665
            900        0.15956
            901        0.15956
            902        0.16094
            903        0.16041
            904        0.16041
            905        0.16782
            906        0.16433
            907        0.16433
            908        0.16792
            909        0.16792
            910        0.15959
            911        0.15959
            912        0.15959
            913        0.15987
            914        0.15987
            915        0.15909
            916        0.15941
            917        0.15973
            918        0.16184
            919        0.16184
            920        0.16184
            921        0.16206
            922        0.16321
            923        0.16503
            924        0.15952
            925        0.15952
            926        0.15952
            927        0.16007
            928        0.15878
            929        0.15878
            930        0.15896
            931        0.15937
            932        0.16125
            933        0.16125
            934        0.16561
            935        0.16302
            936        0.15977
            937        0.16035
            938        0.16035
            939        0.15862
            940        0.15862
            941        0.16189
            942        0.16003
            943        0.16003
            944        0.16003
            945        0.15855
            946        0.15855
            947         0.1587
            948         0.1587
            949         0.1587
            950        0.16118
            951        0.15882
            952        0.16003
            953        0.16003
            954        0.16003
            955        0.16093
            956        0.16093
            957        0.16093
            958        0.16093
            959        0.15962
            960        0.15962
            961        0.15962
            962        0.16144
            963        0.16062
            964        0.16143
            965        0.16143
            966        0.16143
            967         0.1624
            968        0.16602
            969         0.1618
            970         0.1618
            971         0.1618
            972         0.1597
            973        0.16534
            974        0.16245
            975        0.16245
            976          0.159
            977        0.15926
            978        0.15926
            979        0.15926
            980         0.1678
            981        0.16359
            982        0.16359
            983        0.16502
            984        0.16192
            985        0.15885
            986        0.15885
            987        0.15871
            988         0.1698
            989        0.16686
            990        0.16016
            991        0.16016
            992        0.16016
            993        0.16016
            994        0.15917
            995        0.15917
            996        0.15917
            997         0.1586
            998        0.16025
            999        0.16025
           1000        0.15903
